3371,420
3371,419
3372,418
3373,417
3374,416
3375,415
3376,414
3377,413
3378,412
3379,411
3380,410
3380,409
3381,409
3381,408
3382,408
3382,407
3383,406
3384,405
3385,404
3386,403
3387,402
3388,401
3389,400
3390,399
3391,398
3392,397
3392,396
3393,396
3393,395
3394,395
3394,394
3395,394
3395,393
3396,393
3396,392
3397,391
3398,390
3399,389
3400,388
3401,387
3402,386
3403,385
3404,384
3405,383
3406,382
3407,381
3408,380
3409,379
3409,378
3410,378
3410,377
3411,377
3411,376
3412,376
3412,375
3413,375
3413,374
3414,373
3415,372
3416,371
3417,370
3418,369
3419,368
3420,367
3421,366
3422,365
3423,364
3424,363
3425,362
3426,361
3427,360
3428,359
3428,358
3429,358
3429,357
3430,357
3430,356
3431,356
3431,355
3432,355
3432,354
3433,354
3433,353
3434,352
3435,351
3436,350
3437,349
3438,348
3439,347
3440,346
3441,345
3442,344
3443,343
3444,342
3445,341
3446,340
3447,339
3448,338
3449,337
3450,336
3451,335
3452,334
3452,333
3453,333
3453,332
3454,332
3454,331
3455,331
3455,330
3456,330
3456,329
3457,329
3457,328
3458,328
3458,327
3459,327
3459,326
3460,325
3461,324
3462,323
3463,322
3464,321
3465,320
3466,319
3467,318
3468,317
3469,316
3470,315
3471,314
3472,313
3473,312
3474,311
3475,310
3476,309
3477,308
3478,307
3478,306
3479,306
3479,305
3480,305
3480,304
3481,304
3481,303
3482,303
3482,302
3483,302
3483,301
3484,301
3484,300
3485,299
3486,298
3487,297
3488,296
3489,295
3490,294
3491,293
3492,292
3493,291
3494,290
3495,289
3496,288
3497,287
3498,286
3499,285
3500,284
3501,283
3501,282
3502,282
3502,281
3503,281
3503,280
3164,412
3165,412
3166,412
3167,412
3168,412
3169,412
3170,412
3171,412
3172,412
3173,412
3174,412
3175,412
3176,412
3177,412
3178,412
3179,412
3180,412
3181,412
3182,412
3183,412
3184,412
3185,412
3186,412
3187,412
3188,412
3189,413
3190,413
3191,413
3192,413
3193,413
3194,413
3195,413
3196,413
3197,413
3198,413
3199,413
3200,413
3201,413
3202,414
3203,414
3204,414
3205,414
3206,414
3207,414
3208,414
3209,414
3210,414
3211,415
3212,415
3213,415
3214,415
3215,415
3216,415
3217,415
3218,415
3219,416
3220,416
3221,416
3222,416
3223,416
3224,416
3225,417
3226,417
3227,417
3228,417
3229,417
3230,417
3231,418
3232,418
3233,418
3234,418
3235,418
3236,418
3237,419
3238,419
3239,419
3240,419
3241,419
3242,420
3243,420
3244,420
3245,420
3246,421
3247,421
3248,421
3249,421
3250,421
3251,422
3252,422
3253,422
3254,422
3255,423
3256,423
3257,423
3258,423
3259,424
3260,424
3261,424
3262,425
3263,425
3264,425
3265,425
3266,426
3267,426
3268,426
3269,427
3270,427
3271,427
3272,427
3273,428
3274,428
3275,428
3276,429
3277,429
3278,429
3279,430
3280,430
3281,430
3282,431
3283,431
3284,431
3285,432
3286,432
3287,433
3288,433
3289,433
3290,434
3291,434
3292,434
3293,435
3294,435
3295,436
3296,436
3297,436
3298,437
3299,437
3300,438
3301,438
3302,438
3303,439
3304,439
3305,440
3306,440
3307,440
3308,441
3309,441
3310,442
3311,442
3312,443
3313,443
3314,444
3315,444
3316,445
3317,445
3318,446
3319,446
3320,447
3321,447
3322,448
3323,448
3324,449
3325,449
3326,450
3327,450
3328,451
3329,451
3330,452
3331,452
3332,453
3333,453
3334,454
3335,454
3336,455
3337,456
3338,456
1337,138
1338,138
1339,138
1339,137
1340,137
1341,137
1342,137
1343,137
1344,137
1345,137
1346,137
1346,136
1347,136
1348,136
1349,136
1350,136
1351,136
1352,136
1353,136
1353,135
1354,135
1355,135
1356,135
1357,135
1358,135
1359,135
1360,135
1360,134
1361,135
1361,134
1362,134
1363,134
1364,134
1365,134
1366,134
1367,134
1368,134
1368,133
1369,134
1369,133
1370,133
1371,133
1372,133
1373,133
1374,133
1375,133
1376,133
1377,133
1377,132
1378,133
1378,132
1379,132
1380,132
1381,132
1382,132
1383,132
1384,132
1385,132
1386,132
1386,131
1387,132
1387,131
1388,131
1389,131
1390,131
1391,131
1392,131
1393,131
1394,131
1395,131
1396,131
1396,130
1397,131
1397,130
1398,130
1399,130
1400,130
1401,130
1402,130
1403,130
1404,130
1405,130
1406,130
1407,130
1407,129
1408,130
1408,129
2774,225
2775,225
2776,224
2777,224
2778,224
2779,223
2780,223
2781,222
2782,222
2783,221
2784,221
2785,220
2786,220
2787,219
2788,219
2789,219
2790,218
2791,218
2792,217
2793,217
2794,216
2795,216
2796,216
2797,215
2798,215
2799,214
2800,214
2801,213
2802,213
2803,213
2804,212
2805,212
2806,211
2807,211
2808,210
2809,210
2810,210
2811,209
2812,209
2813,208
2814,208
2815,208
2816,207
2817,207
2818,206
2819,206
2820,206
2821,205
2822,205
2823,205
2824,204
2825,204
2826,203
2827,203
2828,203
2829,202
2830,202
2831,201
2832,201
2833,201
2834,200
2835,200
2836,200
2837,199
2838,199
2839,199
2840,198
2841,198
2842,197
2843,197
2844,197
2845,196
2846,196
2847,196
2848,195
2849,195
2850,195
2851,194
2852,194
2853,194
2854,193
2855,193
2856,193
2857,192
2858,192
2859,192
2860,191
2861,191
2862,191
2863,190
2864,190
2865,190
2866,189
2867,189
2868,189
2869,188
2870,188
2871,188
2872,187
2873,187
2874,187
2875,186
2876,186
2877,186
2878,185
2879,185
2880,185
2881,184
2882,184
2883,184
2884,184
2885,183
2886,183
2887,183
2888,182
2889,182
2890,182
2891,181
2892,181
2893,181
2894,181
